1.453755247240913150e+03 1.161495078783779718e+03 3.320752433474091845e+02 2.782559402207125854e+11
1.530044481037381502e+03 1.775544641125589351e+03 2.243333529697714766e+03 2.154434690031886719e+12
1.724419523604044343e+03 1.961380784545754295e+03 1.797175986229937337e+02 2.364489412645407227e+12
5.002978980320166329e+02 6.712532389014652381e+02 1.947415482494876414e+03 2.595024211399742676e+12
2.178920334288212871e+03 6.150759056304724481e+02 1.546219445071073778e+03 5.462277217684336914e+12
2.578664716907699699e+02 2.767942687082830275e+02 3.103145002660351111e+02 6.579332246575682617e+12
9.442656351677453586e+02 2.420677638953020505e+03 5.156588354920995698e+02 1.047615752789666211e+13
1.177638671440248800e+03 2.260763874824787308e+03 1.932027272352228920e+03 1.149756995397735742e+13
9.281657060165707662e+02 2.162383036548232269e+02 1.787371358572399913e+03 1.830738280295369531e+13
2.434520955313035756e+03 1.701906686107978430e+03 2.400438681231037208e+03 2.009233002565045703e+13
2.296355183895065721e+01 1.640226175486919146e+03 2.426148013045198581e+02 2.205130739903041016e+13
1.136617023341635786e+03 1.548489720084731971e+03 4.406063021796929888e+02 2.420128264794383594e+13
3.812029065781591157e+02 1.476824971399878734e+02 1.979730429504369567e+03 2.656087782946683984e+13
2.139607884274395474e+03 2.475564034830209494e+03 1.196724698144086915e+03 2.915053062825181641e+13
1.951009785033297021e+03 8.438492354511939197e+01 1.304591989102421508e+02 3.511191734215141797e+13
1.375453990981364313e+03 7.953680201290752620e+02 2.077160961109125310e+03 3.853528593710535156e+13
1.302359816972902308e+03 1.487971362820935610e+03 6.347958489965652689e+02 4.229242874389499219e+13
2.034421612789360552e+03 5.217141586406751230e+02 7.855405781635246285e+02 4.641588833612791406e+13
1.995731130054890855e+03 1.980486208614364386e+03 2.131901712341944403e+03 5.590810182512222656e+13
2.415656639519670080e+03 1.890324522586632384e+03 1.190984406170323155e+03 6.734150657750828125e+13
1.553699481893730081e+03 3.698406027537423597e+02 5.853794580732912891e+02 7.390722033525775000e+13
2.308023872355346612e+03 1.132331696379846562e+03 1.778516447359793119e+03 8.111308307896889062e+13
5.731258330037211408e+02 3.005909797400410639e+02 1.706142927188505382e+03 9.770099572992246875e+13
8.806395148573948291e+02 1.620718591242145067e+03 6.746895063425331500e+02 1.072267222010325312e+14
2.206564468133586615e+03 2.093069866407539848e+03 1.738632915657468402e+03 1.176811952434999062e+14
1.249746655268846553e+03 1.505018074993272648e+03 5.715249596111138430e+01 1.291549665014882656e+14
1.210223748202341767e+03 1.514896068297030752e+03 2.276678515319669259e+03 1.417474162926807812e+14
7.735069565846747537e+02 1.618045500658331321e+03 1.733723253649185608e+03 1.555676143930472188e+14
1.983034878079399959e+03 2.171718303498788828e+03 1.655360857068302039e+03 1.707352647470688750e+14
4.671569614842954934e+02 4.752895340641011330e+02 2.609037747102941012e+02 1.873817422860386875e+14
9.907102709999437593e+02 1.760999434352994740e+03 2.472891361531453640e+03 2.056512308348651562e+14
4.501688611469961643e+02 1.631374965081029131e+03 9.926126397204366185e+02 2.257019719633916875e+14
1.483725454781326107e+03 1.294916530461143111e+03 2.499698598388652499e+03 2.477076355991714062e+14
1.817380915732418543e+03 7.280162422493718850e+02 9.008840715726793178e+02 2.718588242732940000e+14
4.964898007359849998e+02 2.364990983252977458e+03 1.090273528659337444e+03 2.983647240283334375e+14
8.484525709459845189e+00 1.716324999427037881e+02 7.235282518603153221e+02 3.274549162877731875e+14
4.940679828140953873e+02 2.112348612129200319e+03 9.108627189767067875e+02 3.593813663804625625e+14
1.894968393681746875e+03 3.081184673874656710e+02 8.297570095819653488e+02 3.944206059437664375e+14
7.517997700588680345e+02 1.272158359855060610e+02 2.356831783953944978e+03 4.328761281083061875e+14
7.890400868746866081e+02 1.919730223238688495e+03 3.173626670227080808e+02 4.750810162102793125e+14
2.454687856327111149e+03 1.399867120030836531e+03 2.351208336062420130e+03 5.214008287999695000e+14
1.108695098839342336e+03 1.304209974275129980e+03 1.239583603441806417e+03 5.722367659350220000e+14
1.420982953099328597e+03 8.711346331759864370e+02 1.176347160538180788e+03 6.280291441834272500e+14
5.328972591280905817e+02 9.167492858811593806e+02 1.667284754356359599e+03 6.892612104349708750e+14
1.677392461248186692e+03 2.301388134705864104e+03 2.495099901695544759e+03 7.564633275546290000e+14
1.293782612632411201e+03 2.283932509680852490e+03 1.176593597807496053e+03 8.302175681319768750e+14
1.258496497644319788e+03 1.155631955640237720e+03 1.156774517183870103e+03 9.111627561154905000e+14
2.125562308581407933e+01 2.144259379952822201e+03 1.124597502375435852e+03 1.000000000000000000e+15
