1.230300000000000000e+15 2.180297118999999839e+03 4.458770139999999742e+02 8.335796000000000561e+01 1.055774300000000068e+02 1.097054600000000022e+02
8.966800000000000000e+14 1.962119018999999980e+03 3.945450129999999831e+02 7.961715999999999838e+01 1.039926499999999976e+02 1.353277899999999931e+02
8.898400000000000000e+14 1.957114013999999997e+03 7.333980099999999993e+02 4.017806999999999817e+01 8.595430000000000348e+01 1.233647899999999993e+02
8.525600000000000000e+14 1.929390014999999948e+03 4.977500000000000000e+02 4.436646999999999963e+01 7.815162999999999727e+01 8.460967999999999734e+01
8.041700000000000000e+14 1.892177979000000050e+03 5.442080079999999498e+02 2.438334399999999960e+02 1.218732499999999987e+02 9.038791999999999405e+01
7.806300000000000000e+14 1.873526978000000099e+03 2.193670040000000085e+02 1.781698000000000093e+02 2.241292899999999975e+02 1.927553900000000056e+02
7.540700000000000000e+14 1.852036010999999917e+03 7.854689939999999524e+02 2.946250000000000036e+00 1.770469400000000064e+02 5.851715000000000089e+01
6.485000000000000000e+14 1.761230956999999989e+03 4.846210019999999759e+02 4.418974000000000046e+01 5.915276000000000067e+01 6.041273000000000337e+01
6.353300000000000000e+14 1.749223999000000049e+03 5.081140139999999974e+02 2.345983699999999885e+02 1.115841900000000066e+02 1.302900999999999954e+01
5.788500000000000000e+14 1.695776978000000099e+03 2.903970029999999838e+02 2.364906999999999826e+01 2.061699700000000064e+02 3.277434999999999832e+01
5.573100000000000000e+14 1.674469970999999987e+03 1.878560029999999870e+02 3.816178000000000026e+01 9.095674999999999955e+01 1.184966399999999993e+02
5.512200000000000000e+14 1.668345947000000024e+03 3.166000060000000076e+02 1.236712999999999951e+01 1.486680599999999970e+02 9.336020999999999503e+01
5.067100000000000000e+14 1.622181029999999964e+03 3.388190000000000168e+02 1.752033399999999972e+02 9.047135000000000105e+01 1.905251599999999996e+02
4.989700000000000000e+14 1.613880004999999983e+03 4.333479919999999765e+02 2.489366799999999955e+02 1.350614300000000014e+02 9.258558999999999628e+01
4.958200000000000000e+14 1.610474975999999970e+03 1.842330019999999990e+02 1.115698000000000079e+01 1.286312999999999995e+01 1.937037400000000105e+02
4.688900000000000000e+14 1.580770995999999968e+03 3.474230039999999917e+02 7.863921999999999457e+01 5.195000000000000284e+01 2.240415999999999883e+02
4.661100000000000000e+14 1.577645019999999931e+03 3.570520020000000159e+02 1.200137699999999938e+02 2.008020300000000020e+02 2.357640399999999943e+02
4.375100000000000000e+14 1.544691039999999930e+03 2.206269990000000121e+02 1.808486000000000047e+02 2.408512000000000057e+02 2.305983099999999979e+02
4.259800000000000000e+14 1.531005981000000020e+03 2.679639890000000264e+02 3.203038999999999703e+01 1.026646700000000010e+02 1.158631299999999982e+02
4.249500000000000000e+14 1.529765014999999948e+03 5.081589969999999994e+02 1.285840900000000033e+02 3.381065999999999860e+01 2.396497300000000052e+02
4.201500000000000000e+14 1.523984985000000052e+03 3.125710139999999910e+02 1.942073200000000099e+02 2.172904499999999928e+02 2.061397900000000050e+02
4.182000000000000000e+14 1.521620971999999938e+03 3.336440119999999752e+02 4.165858000000000061e+01 8.286110999999999649e+01 8.728341000000000349e+01
4.016200000000000000e+14 1.501235961999999972e+03 2.055840000000000032e+02 1.004448000000000008e+01 1.200655200000000065e+02 1.225221999999999980e+02
3.991900000000000000e+14 1.498212035999999898e+03 2.700000000000000000e+02 5.378974999999999795e+01 7.980006000000000199e+01 2.033386500000000012e+02
3.978500000000000000e+14 1.496531981999999971e+03 4.500650019999999927e+02 6.661436000000000490e+01 1.885825700000000040e+02 2.397331200000000138e+02
3.834100000000000000e+14 1.478199951000000056e+03 5.118219910000000255e+02 2.112838700000000074e+02 1.723784300000000087e+02 7.007726999999999862e+01
3.777600000000000000e+14 1.470909057999999959e+03 1.996089939999999956e+02 6.185448000000000235e+01 2.374942800000000034e+02 3.940854000000000212e+01
3.712200000000000000e+14 1.462371947999999975e+03 1.600160060000000044e+02 9.255688000000000670e+01 6.706767999999999574e+01 1.261078600000000023e+02
3.674800000000000000e+14 1.457444946000000073e+03 2.917019960000000083e+02 2.444208800000000110e+02 2.131438599999999894e+02 1.632234300000000076e+02
3.670100000000000000e+14 1.456822998000000098e+03 4.545620119999999815e+02 4.020830000000000126e+01 8.579519999999999413e+01 1.239051199999999966e+02
3.646600000000000000e+14 1.453703978999999890e+03 1.667729950000000088e+02 2.156366399999999999e+02 2.359207199999999887e+02 1.328755600000000072e+02
3.634900000000000000e+14 1.452139038000000028e+03 1.837700040000000001e+02 1.864259199999999908e+02 2.084011999999999887e+01 1.069353200000000044e+02
3.468800000000000000e+14 1.429678955000000087e+03 2.516410060000000044e+02 5.710978000000000065e+01 2.126821899999999914e+02 1.179340700000000055e+02
3.448800000000000000e+14 1.426927001999999902e+03 5.140170289999999795e+02 1.290854999999999997e+01 1.009427000000000021e+02 1.402860599999999920e+02
3.447600000000000000e+14 1.426765014999999948e+03 3.283859860000000026e+02 1.285651200000000074e+02 5.159033999999999764e+01 1.667941600000000051e+02
3.442200000000000000e+14 1.426017943999999943e+03 2.374340060000000108e+02 1.873713099999999940e+02 9.363924000000000092e+01 3.925972999999999757e+01
3.411600000000000000e+14 1.421782958999999892e+03 3.834030149999999821e+02 2.324425699999999892e+02 1.021721500000000020e+02 2.390343599999999924e+02
3.358700000000000000e+14 1.414391967999999906e+03 1.927530059999999992e+02 1.920721999999999952e+01 2.567267000000000010e+01 1.846995100000000036e+02
3.352100000000000000e+14 1.413467041000000108e+03 2.058280029999999954e+02 3.319234999999999758e+01 2.027187000000000126e+02 1.000345400000000069e+02
3.325500000000000000e+14 1.409722046000000091e+03 3.294479979999999841e+02 3.181341000000000108e+01 7.296953000000000600e+01 2.354862200000000030e+02
3.275900000000000000e+14 1.402672974000000067e+03 2.154680020000000127e+02 4.624313000000000073e+01 8.215328999999999837e+01 8.563992000000000360e+01
3.246300000000000000e+14 1.398430053999999927e+03 3.640920100000000161e+02 1.674547300000000121e+02 1.221629999999999994e+00 1.718690799999999967e+02
3.238000000000000000e+14 1.397246947999999975e+03 3.939030149999999821e+02 1.903759900000000016e+02 7.939673999999999410e+01 2.188595899999999972e+02
3.215200000000000000e+14 1.393958008000000063e+03 2.957999879999999848e+02 8.759302999999999884e+01 2.445251000000000019e+01 1.785859100000000126e+02
3.198800000000000000e+14 1.391573975000000019e+03 2.434459990000000005e+02 1.864391000000000176e+01 2.386830000000000140e+01 7.664659999999999584e+00
3.193600000000000000e+14 1.390822998000000098e+03 2.489790040000000033e+02 3.291990000000000194e+00 1.390434700000000134e+02 9.886300000000000310e+00
3.152400000000000000e+14 1.384822020999999950e+03 2.794469910000000255e+02 1.119305499999999967e+02 3.093405999999999878e+01 1.686355299999999886e+02
3.137100000000000000e+14 1.382578978999999890e+03 4.643370059999999739e+02 1.736646000000000001e+01 1.475521899999999960e+02 8.853625999999999863e+01
3.118300000000000000e+14 1.379808960000000070e+03 1.256050029999999964e+02 1.768762999999999863e+01 2.497204900000000123e+02 3.856461999999999790e+01
3.071000000000000000e+14 1.372800048999999944e+03 1.469600069999999903e+02 3.998575000000000301e+01 9.144093999999999767e+01 3.363703000000000287e+01
3.014300000000000000e+14 1.364301024999999981e+03 3.081050109999999904e+02 5.827987000000000251e+01 2.271218700000000013e+02 6.515012000000000114e+01
2.995300000000000000e+14 1.361421021000000110e+03 2.267039949999999919e+02 1.980303499999999985e+02 1.223498999999999981e+01 6.492743000000000109e+01
2.900700000000000000e+14 1.346941039999999930e+03 3.589400019999999927e+02 1.687892000000000081e+01 6.344890000000000185e+01 2.374992799999999988e+02
2.899600000000000000e+14 1.346759033000000045e+03 3.407760010000000079e+02 4.228045999999999793e+01 8.760783000000000698e+01 2.440707099999999912e+02
2.859800000000000000e+14 1.340576049999999896e+03 1.886329959999999915e+02 2.034201500000000067e+02 1.655530899999999974e+02 4.499656000000000233e+01
2.836300000000000000e+14 1.336890014999999948e+03 2.668630069999999819e+02 2.448490600000000086e+02 3.640988999999999720e+01 7.144840999999999553e+01
2.804800000000000000e+14 1.331920043999999962e+03 2.001139980000000094e+02 3.156188999999999822e+01 3.852311999999999870e+01 1.512854199999999878e+02
2.801500000000000000e+14 1.331397948999999926e+03 1.892200009999999963e+02 7.759653000000000134e+01 2.238725000000000023e+02 2.238922000000000025e+02
2.800800000000000000e+14 1.331286010999999917e+03 2.163849950000000035e+02 1.167090999999999923e+01 1.374075799999999958e+02 1.022909999999999986e+00
2.778400000000000000e+14 1.327735961999999972e+03 6.037319949999999835e+02 6.336536999999999864e+01 2.310615500000000111e+02 2.234827099999999973e+02
2.770000000000000000e+14 1.326385986000000003e+03 1.926250000000000000e+02 4.706739000000000317e+01 1.365121800000000007e+02 1.402020000000000044e+00
2.766700000000000000e+14 1.325859985000000052e+03 2.876300049999999828e+02 1.141083000000000069e+01 1.496635999999999989e+01 1.470948199999999986e+02
2.761700000000000000e+14 1.325071044999999913e+03 9.386110230000000456e+02 1.749895300000000020e+02 9.693404999999999916e+01 1.526714000000000055e+02
2.757300000000000000e+14 1.324354980000000069e+03 2.498240049999999997e+02 1.672636300000000062e+02 1.736124700000000018e+02 1.143442900000000009e+02
2.750700000000000000e+14 1.323300048999999944e+03 3.636919859999999858e+02 1.923294400000000053e+02 4.414679999999999715e+00 6.170215999999999923e+01
2.720300000000000000e+14 1.318416015999999900e+03 3.062189940000000092e+02 1.872687099999999987e+02 7.829795000000000016e+01 1.650038999999999945e+01
2.710400000000000000e+14 1.316817992999999888e+03 2.355890049999999860e+02 2.451562999999999874e+02 1.487324099999999873e+02 1.746327699999999936e+02
2.667600000000000000e+14 1.309848999000000049e+03 2.681470029999999838e+02 9.251219999999999999e+00 1.134565999999999946e+02 1.200535699999999935e+02
2.653800000000000000e+14 1.307572998000000098e+03 2.028359989999999868e+02 9.074262000000000228e+01 8.124353000000000691e+01 8.800754999999999484e+01
2.627400000000000000e+14 1.303232056000000057e+03 2.047189940000000092e+02 1.717306800000000067e+02 1.685057500000000061e+02 6.931049000000000149e+01
2.603700000000000000e+14 1.299291991999999937e+03 2.277810059999999908e+02 1.223988800000000055e+02 2.258728199999999902e+02 2.415535099999999886e+02
2.592800000000000000e+14 1.297489990000000034e+03 1.969429930000000013e+02 8.102399999999999380e+00 1.713805999999999941e+01 2.104769000000000005e+02
2.571400000000000000e+14 1.293909057999999959e+03 1.861979980000000126e+02 2.086310300000000097e+02 2.137680400000000134e+02 1.774892299999999921e+02
2.569500000000000000e+14 1.293593994000000066e+03 1.632749939999999924e+02 9.191796999999999684e+01 6.577369000000000199e+01 2.412396200000000022e+02
2.562700000000000000e+14 1.292447998000000098e+03 3.670929869999999937e+02 2.215980000000000061e+01 8.368377999999999872e+01 1.418954600000000141e+02
2.553800000000000000e+14 1.290943970000000036e+03 2.433999939999999924e+02 3.318231000000000108e+01 2.067429199999999980e+02 1.012280399999999929e+02
2.543900000000000000e+14 1.289276978000000099e+03 2.366860049999999944e+02 2.229815199999999891e+02 2.269144300000000101e+02 1.830975500000000125e+02
2.540800000000000000e+14 1.288760009999999966e+03 2.055489959999999883e+02 1.215540699999999958e+02 2.055479000000000056e+01 1.987840600000000109e+02
2.523900000000000000e+14 1.285890014999999948e+03 2.846239929999999845e+02 4.663633000000000095e+01 5.255669000000000324e+01 2.241083000000000069e+01
2.522300000000000000e+14 1.285610961999999972e+03 1.650709990000000005e+02 1.242676000000000016e+02 1.089669499999999971e+02 9.249987000000000137e+01
2.488900000000000000e+14 1.279910033999999996e+03 1.980149989999999889e+02 1.028486300000000000e+02 2.359480900000000076e+02 8.406435999999999353e+01
2.472900000000000000e+14 1.277162964000000102e+03 1.979709929999999929e+02 1.781268799999999999e+02 3.764359000000000322e+01 1.337612300000000118e+02
2.466300000000000000e+14 1.276027953999999909e+03 1.784730069999999955e+02 7.641763000000000261e+01 7.214056999999999675e+01 1.319248800000000017e+02
2.443000000000000000e+14 1.271999023000000079e+03 4.629530030000000238e+02 6.810142999999999347e+01 2.336743800000000135e+02 2.258354300000000023e+02
2.438100000000000000e+14 1.271140990999999985e+03 3.382770080000000235e+02 8.691919999999999646e+00 2.156328300000000127e+02 1.883323499999999910e+02
2.434500000000000000e+14 1.270527953999999909e+03 2.855310059999999908e+02 1.083431999999999960e+02 1.695427099999999996e+02 1.340662199999999871e+02
2.418100000000000000e+14 1.267656981999999971e+03 2.356300050000000113e+02 3.416675999999999647e+01 2.196020399999999881e+02 1.981512899999999888e+02
2.396400000000000000e+14 1.263864013999999997e+03 2.907789920000000166e+02 2.131240000000000023e+01 6.385699999999999932e+01 5.076800000000000423e+00
2.374500000000000000e+14 1.260005981000000020e+03 2.261360019999999906e+02 1.747058000000000177e+01 1.178661900000000031e+02 1.244621000000000066e+02
2.372000000000000000e+14 1.259548950000000104e+03 2.701470029999999838e+02 7.915438000000000329e+01 1.049254399999999947e+02 1.053553999999999924e+01
2.363500000000000000e+14 1.258047974000000067e+03 2.044519960000000083e+02 5.423597999999999786e+01 2.085581099999999992e+02 7.711227999999999838e+01
2.354800000000000000e+14 1.256501952999999958e+03 1.663119959999999935e+02 1.941075000000000017e+01 3.004813000000000045e+01 1.286158999999999963e+01
2.351000000000000000e+14 1.255832030999999915e+03 6.307910160000000133e+02 1.589844000000000079e+01 6.960412999999999784e+01 6.587539999999999729e+00
2.320200000000000000e+14 1.250321044999999913e+03 1.442660060000000044e+02 2.222867599999999868e+02 1.277559399999999954e+02 3.666263000000000005e+01
2.318600000000000000e+14 1.250026000999999951e+03 2.759219969999999762e+02 1.424446399999999926e+02 9.106476999999999578e+01 8.709354000000000440e+01
2.314600000000000000e+14 1.249307007000000112e+03 1.982030029999999954e+02 6.034982999999999720e+01 6.962009000000000469e+01 2.461134299999999939e+02
2.283000000000000000e+14 1.243609985000000052e+03 2.763120119999999815e+02 1.414065000000000083e+01 2.240297199999999975e+02 2.016870299999999929e+02
2.277600000000000000e+14 1.242626952999999958e+03 3.220379940000000261e+02 2.346136300000000006e+02 1.888087600000000066e+02 1.559097899999999868e+02
2.247100000000000000e+14 1.237041015999999900e+03 3.005230099999999993e+02 8.328628999999999394e+01 8.341342000000000212e+01 8.487100999999999829e+01
2.233900000000000000e+14 1.234619018999999980e+03 1.773829959999999915e+02 1.408235500000000116e+02 3.969191000000000003e+01 1.649388700000000085e+02
