13.088658 14.060000 0.980000 1.130000 0.900000
13.151788 14.060000 0.980000 1.130000 0.900000
13.004430 14.060000 0.980000 1.130000 0.900000
12.992627 14.060000 0.980000 1.130000 0.900000
13.020014 14.060000 0.980000 1.130000 0.900000
13.080000 14.108015 0.980000 1.130000 0.900000
13.080000 14.076022 0.980000 1.130000 0.900000
13.080000 14.064617 0.980000 1.130000 0.900000
13.080000 14.095053 0.980000 1.130000 0.900000
13.080000 14.104691 0.980000 1.130000 0.900000
13.080000 14.060000 1.119949 1.130000 0.900000
13.080000 14.060000 0.960017 1.130000 0.900000
13.080000 14.060000 1.004321 1.130000 0.900000
13.080000 14.060000 0.846928 1.130000 0.900000
13.080000 14.060000 0.936223 1.130000 0.900000
13.080000 14.060000 0.980000 0.827957 0.900000
13.080000 14.060000 0.980000 1.061453 0.900000
13.080000 14.060000 0.980000 1.238876 0.900000
13.080000 14.060000 0.980000 1.193331 0.900000
13.080000 14.060000 0.980000 0.817439 0.900000
13.080000 14.060000 0.980000 1.130000 0.796590
13.080000 14.060000 0.980000 1.130000 0.830222
13.080000 14.060000 0.980000 1.130000 1.082326
13.080000 14.060000 0.980000 1.130000 0.881379
13.080000 14.060000 0.980000 1.130000 0.797946
13.088658 14.108015 0.980000 1.130000 0.900000
13.151788 14.076022 0.980000 1.130000 0.900000
13.004430 14.064617 0.980000 1.130000 0.900000
12.992627 14.095053 0.980000 1.130000 0.900000
13.020014 14.104691 0.980000 1.130000 0.900000
13.088658 14.060000 1.119949 1.130000 0.900000
13.151788 14.060000 0.960017 1.130000 0.900000
13.004430 14.060000 1.004321 1.130000 0.900000
12.992627 14.060000 0.846928 1.130000 0.900000
13.020014 14.060000 0.936223 1.130000 0.900000
13.088658 14.060000 0.980000 0.827957 0.900000
13.151788 14.060000 0.980000 1.061453 0.900000
13.004430 14.060000 0.980000 1.238876 0.900000
12.992627 14.060000 0.980000 1.193331 0.900000
13.020014 14.060000 0.980000 0.817439 0.900000
13.088658 14.060000 0.980000 1.130000 0.796590
13.151788 14.060000 0.980000 1.130000 0.830222
13.004430 14.060000 0.980000 1.130000 1.082326
12.992627 14.060000 0.980000 1.130000 0.881379
13.020014 14.060000 0.980000 1.130000 0.797946
13.080000 14.108015 1.119949 1.130000 0.900000
13.080000 14.076022 0.960017 1.130000 0.900000
13.080000 14.064617 1.004321 1.130000 0.900000
13.080000 14.095053 0.846928 1.130000 0.900000
13.080000 14.104691 0.936223 1.130000 0.900000
13.080000 14.108015 0.980000 0.827957 0.900000
13.080000 14.076022 0.980000 1.061453 0.900000
13.080000 14.064617 0.980000 1.238876 0.900000
13.080000 14.095053 0.980000 1.193331 0.900000
13.080000 14.104691 0.980000 0.817439 0.900000
13.080000 14.108015 0.980000 1.130000 0.796590
13.080000 14.076022 0.980000 1.130000 0.830222
13.080000 14.064617 0.980000 1.130000 1.082326
13.080000 14.095053 0.980000 1.130000 0.881379
13.080000 14.104691 0.980000 1.130000 0.797946
13.080000 14.060000 1.119949 0.827957 0.900000
13.080000 14.060000 0.960017 1.061453 0.900000
13.080000 14.060000 1.004321 1.238876 0.900000
13.080000 14.060000 0.846928 1.193331 0.900000
13.080000 14.060000 0.936223 0.817439 0.900000
13.080000 14.060000 1.119949 1.130000 0.796590
13.080000 14.060000 0.960017 1.130000 0.830222
13.080000 14.060000 1.004321 1.130000 1.082326
13.080000 14.060000 0.846928 1.130000 0.881379
13.080000 14.060000 0.936223 1.130000 0.797946
13.080000 14.060000 0.980000 0.827957 0.796590
13.080000 14.060000 0.980000 1.061453 0.830222
13.080000 14.060000 0.980000 1.238876 1.082326
13.080000 14.060000 0.980000 1.193331 0.881379
13.080000 14.060000 0.980000 0.817439 0.797946
